Begin Data Section
0 0       # program counter
1 0       # stack pointer
2 0
3 0
4 0
5 0
6 0
7 0
8 0
9 0
10 0       # memory indexes 0-20 are reserved.
11 0
12 0
13 0
14 0
15 0
16 0
17 0
18 0
19 0
20 0       # Memory location  21 contains number N.  24 contains start index of the numbers to be sorted
21 2000     # N=2000            number N is given at memory index=21  
22 2600     
23 0      
24 60      #numbers to be sorted starts at index 60
25 0       
26 0       
27 0       
28 0       
29 0       
30 0       
31 0
32 0
33 0
34 0
35 0
36 0
37 0
38 0
39 0      # you may use locations 25 to 59 as registers
40 0
41 0
42 0
43 0
44 0
45 0
46 0
47 0
48 0
49 0
50 0
51 0
52 0
53 0
54 0
55 0
56 0
57 0
58 0
59 0
60 808
61 511
62 1533
63 749
64 884
65 335
66 170
67 2678
68 2274
69 2275
70 1889
71 236
72 2870
73 1134
74 2743
75 1631
76 599
77 2795
78 2174
79 803
80 262
81 1356
82 659
83 1893
84 2527
85 1701
86 418
87 2689
88 2291
89 2925
90 1450
91 2844
92 2947
93 1618
94 2903
95 2013
96 1183
97 2737
98 1546
99 2019
100 1289
101 867
102 709
103 2435
104 2987
105 1199
106 2868
107 2269
108 1626
109 1045
110 2097
111 1269
112 729
113 2482
114 2572
115 2728
116 2489
117 2584
118 1241
119 1841
120 513
121 275
122 1360
123 2618
124 1796
125 2881
126 2446
127 1745
128 2357
129 871
130 2867
131 2329
132 1987
133 2331
134 679
135 586
136 538
137 2245
138 57
139 1654
140 482
141 1552
142 1850
143 1807
144 885
145 2573
146 1418
147 2767
148 981
149 1153
150 246
151 1044
152 2862
153 2692
154 121
155 739
156 1324
157 151
158 2376
159 2800
160 2265
161 2886
162 1606
163 2668
164 21
165 705
166 2125
167 848
168 1881
169 2337
170 1302
171 1591
172 2970
173 2838
174 704
175 478
176 1228
177 2608
178 1719
179 2306
180 1338
181 1077
182 1517
183 1989
184 2105
185 103
186 1459
187 2060
188 924
189 786
190 166
191 2448
192 2883
193 1855
194 443
195 2550
196 760
197 1272
198 873
199 2130
200 2924
201 1400
202 2014
203 2662
204 1990
205 1670
206 2516
207 2764
208 2282
209 841
210 2460
211 1655
212 771
213 2888
214 2647
215 941
216 1099
217 2029
218 2538
219 1990
220 391
221 135
222 61
223 1754
224 1818
225 1502
226 655
227 2733
228 1563
229 605
230 674
231 792
232 2645
233 2697
234 2455
235 1245
236 801
237 2004
238 2073
239 657
240 2303
241 834
242 655
243 2302
244 450
245 2091
246 1344
247 1557
248 1136
249 228
250 254
251 2012
252 309
253 184
254 632
255 2747
256 1619
257 2312
258 1532
259 2283
260 748
261 2576
262 575
263 1698
264 2962
265 893
266 1471
267 56
268 1828
269 1011
270 219
271 1180
272 2489
273 1910
274 1105
275 561
276 1673
277 2619
278 2748
279 1924
280 1055
281 1662
282 432
283 2432
284 1468
285 816
286 705
287 742
288 1726
289 524
290 1471
291 2252
292 619
293 1971
294 1065
295 1906
296 2231
297 1344
298 2813
299 2221
300 1953
301 1487
302 1366
303 560
304 2036
305 1278
306 89
307 1242
308 841
309 1864
310 2823
311 2170
312 490
313 124
314 2839
315 2508
316 1688
317 589
318 236
319 313
320 1536
321 1671
322 2628
323 1576
324 1871
325 695
326 1493
327 1833
328 1467
329 688
330 585
331 2221
332 3
333 1504
334 91
335 630
336 1644
337 2028
338 313
339 2094
340 988
341 889
342 1406
343 2910
344 2363
345 2079
346 1548
347 2583
348 2430
349 2388
350 2675
351 1348
352 1600
353 868
354 792
355 2252
356 1746
357 2547
358 1180
359 2842
360 2398
361 207
362 664
363 2621
364 2017
365 2805
366 2835
367 1509
368 1518
369 1020
370 2923
371 2015
372 217
373 1418
374 797
375 2370
376 1688
377 2959
378 2188
379 1268
380 621
381 2803
382 1419
383 1432
384 1146
385 54
386 1779
387 1431
388 2326
389 1951
390 1277
391 1377
392 1084
393 190
394 429
395 1133
396 578
397 549
398 1715
399 2687
400 2664
401 1584
402 1126
403 2675
404 1084
405 1841
406 347
407 449
408 543
409 553
410 138
411 1688
412 937
413 1374
414 660
415 758
416 1728
417 1910
418 1338
419 892
420 1120
421 990
422 2739
423 2494
424 372
425 1771
426 955
427 1998
428 808
429 2946
430 1740
431 2137
432 2131
433 330
434 833
435 150
436 1447
437 12
438 2569
439 1152
440 756
441 1767
442 2856
443 978
444 2273
445 2099
446 2182
447 714
448 1664
449 2599
450 2884
451 2795
452 1055
453 1219
454 133
455 1467
456 1010
457 448
458 2822
459 2175
460 519
461 618
462 1322
463 1235
464 2583
465 2347
466 1322
467 2074
468 2087
469 230
470 1924
471 2463
472 2346
473 2258
474 1691
475 2337
476 360
477 1022
478 578
479 1604
480 1844
481 1980
482 2183
483 214
484 2408
485 2320
486 2942
487 654
488 99
489 1063
490 750
491 2405
492 1609
493 1612
494 826
495 1844
496 213
497 519
498 2741
499 291
500 443
501 2878
502 2572
503 1192
504 1777
505 1942
506 703
507 668
508 1150
509 2776
510 334
511 139
512 1853
513 1611
514 1621
515 2666
516 1419
517 2612
518 2124
519 104
520 2178
521 1619
522 1028
523 924
524 1210
525 2917
526 709
527 1243
528 1934
529 1222
530 1346
531 1029
532 2710
533 2418
534 734
535 1743
536 907
537 549
538 2465
539 1557
540 119
541 2085
542 2212
543 767
544 852
545 2730
546 1776
547 1214
548 514
549 210
550 1664
551 506
552 2060
553 793
554 1364
555 1295
556 485
557 1244
558 2503
559 781
560 2878
561 920
562 1898
563 2173
564 1295
565 48
566 1127
567 659
568 110
569 1913
570 2150
571 1594
572 2654
573 2686
574 461
575 1545
576 1810
577 2239
578 2279
579 2376
580 1386
581 2527
582 1471
583 2863
584 843
585 1559
586 209
587 1016
588 1348
589 2719
590 640
591 1724
592 1444
593 547
594 2614
595 445
596 1234
597 2655
598 359
599 2806
600 521
601 817
602 239
603 1271
604 2526
605 1540
606 2105
607 924
608 2646
609 2954
610 1810
611 25
612 1708
613 517
614 2398
615 2609
616 550
617 759
618 2635
619 1543
620 63
621 1067
622 2042
623 854
624 658
625 1652
626 2694
627 650
628 2893
629 1436
630 1265
631 974
632 1163
633 2419
634 1802
635 1491
636 2933
637 1572
638 2824
639 1542
640 707
641 2419
642 2567
643 2223
644 2746
645 1071
646 1706
647 1199
648 2069
649 2521
650 1682
651 846
652 2515
653 450
654 2609
655 27
656 1907
657 158
658 2255
659 1276
660 2004
661 2261
662 512
663 858
664 829
665 1370
666 2976
667 1095
668 1885
669 615
670 2009
671 1252
672 774
673 314
674 458
675 165
676 467
677 328
678 837
679 2845
680 2618
681 2507
682 2548
683 2812
684 1975
685 1131
686 2356
687 1451
688 2930
689 2122
690 447
691 1439
692 1833
693 25
694 1804
695 1276
696 1023
697 2337
698 639
699 946
700 2042
701 19
702 2349
703 1688
704 765
705 682
706 1282
707 2806
708 658
709 957
710 2323
711 235
712 2643
713 1619
714 2748
715 539
716 1825
717 2518
718 1921
719 909
720 42
721 2448
722 594
723 2736
724 405
725 2812
726 418
727 2794
728 1572
729 2760
730 607
731 2251
732 2341
733 2787
734 2314
735 108
736 2372
737 2882
738 1530
739 818
740 1560
741 216
742 526
743 2215
744 2568
745 1227
746 1737
747 1384
748 1774
749 2659
750 2926
751 2274
752 226
753 800
754 316
755 1641
756 1560
757 1143
758 5
759 779
760 1261
761 664
762 826
763 128
764 1890
765 1126
766 1069
767 2043
768 1808
769 76
770 600
771 86
772 2389
773 616
774 1566
775 2341
776 2638
777 1429
778 2928
779 173
780 656
781 401
782 1514
783 913
784 524
785 127
786 485
787 1058
788 2555
789 1847
790 1323
791 2821
792 2538
793 1661
794 2143
795 765
796 332
797 831
798 1832
799 1773
800 2442
801 977
802 1666
803 1395
804 1693
805 132
806 981
807 2270
808 2429
809 2915
810 2777
811 961
812 873
813 961
814 2468
815 2094
816 485
817 1916
818 895
819 494
820 2788
821 2480
822 2735
823 307
824 1144
825 2807
826 2402
827 2045
828 1174
829 1363
830 1344
831 42
832 1025
833 1878
834 1075
835 2582
836 2755
837 1405
838 1449
839 2919
840 1587
841 2
842 2577
843 1405
844 867
845 1528
846 1208
847 2984
848 584
849 2545
850 2132
851 641
852 1653
853 1815
854 691
855 2826
856 1629
857 1629
858 2411
859 1442
860 329
861 1122
862 1895
863 471
864 1578
865 36
866 318
867 443
868 1704
869 178
870 1443
871 980
872 538
873 2372
874 2622
875 93
876 2463
877 2696
878 1206
879 136
880 536
881 373
882 1406
883 1976
884 1958
885 428
886 104
887 678
888 813
889 1280
890 1447
891 741
892 2405
893 338
894 699
895 341
896 1717
897 1586
898 405
899 747
900 1350
901 502
902 1155
903 1348
904 2964
905 2660
906 2376
907 2384
908 1033
909 864
910 361
911 2517
912 946
913 2803
914 2334
915 449
916 1035
917 286
918 1023
919 527
920 2143
921 2842
922 1404
923 1982
924 2232
925 1771
926 2678
927 2066
928 2650
929 979
930 2128
931 2505
932 44
933 2034
934 119
935 1887
936 1478
937 124
938 1815
939 450
940 1849
941 629
942 142
943 1412
944 2249
945 2137
946 1803
947 2924
948 1412
949 43
950 1548
951 2502
952 2711
953 1303
954 2873
955 2586
956 2778
957 2374
958 845
959 1845
960 1596
961 278
962 2259
963 1921
964 591
965 2704
966 2018
967 2366
968 2184
969 1551
970 298
971 2452
972 1387
973 425
974 2884
975 1980
976 50
977 2522
978 777
979 1714
980 1966
981 1209
982 263
983 2319
984 844
985 2181
986 1118
987 792
988 1345
989 259
990 1908
991 925
992 1910
993 344
994 2405
995 2181
996 405
997 1609
998 1692
999 1119
1000 1986
1001 2120
1002 2971
1003 1721
1004 1264
1005 96
1006 1222
1007 1643
1008 2389
1009 2506
1010 2405
1011 2598
1012 1477
1013 1718
1014 223
1015 2270
1016 480
1017 32
1018 1874
1019 2684
1020 1327
1021 1539
1022 121
1023 511
1024 144
1025 2066
1026 2123
1027 1174
1028 1069
1029 1388
1030 1881
1031 2765
1032 2955
1033 287
1034 1764
1035 1041
1036 1324
1037 2902
1038 121
1039 2347
1040 505
1041 84
1042 2638
1043 2204
1044 2599
1045 1652
1046 255
1047 2516
1048 1240
1049 393
1050 581
1051 2156
1052 1217
1053 968
1054 1688
1055 2520
1056 123
1057 2105
1058 85
1059 2205
1060 946
1061 2634
1062 681
1063 1634
1064 2303
1065 909
1066 978
1067 314
1068 1504
1069 2295
1070 981
1071 948
1072 437
1073 2897
1074 2473
1075 626
1076 688
1077 2002
1078 1676
1079 2353
1080 116
1081 705
1082 482
1083 656
1084 1972
1085 22
1086 2203
1087 924
1088 518
1089 1500
1090 984
1091 1211
1092 273
1093 1133
1094 2247
1095 2444
1096 1181
1097 237
1098 266
1099 189
1100 1501
1101 2064
1102 1223
1103 806
1104 2432
1105 2054
1106 997
1107 2121
1108 1909
1109 2271
1110 1895
1111 156
1112 432
1113 2464
1114 2349
1115 1986
1116 1569
1117 1726
1118 2318
1119 695
1120 1499
1121 523
1122 1229
1123 1516
1124 2687
1125 2977
1126 902
1127 215
1128 1558
1129 1253
1130 328
1131 552
1132 2487
1133 1283
1134 2842
1135 2924
1136 2088
1137 2360
1138 1844
1139 2988
1140 883
1141 1882
1142 982
1143 1638
1144 1997
1145 168
1146 1719
1147 1017
1148 1536
1149 1280
1150 151
1151 1774
1152 2078
1153 2426
1154 160
1155 31
1156 2797
1157 617
1158 1819
1159 1032
1160 1991
1161 1791
1162 1255
1163 2494
1164 2598
1165 2841
1166 2509
1167 2284
1168 2659
1169 1464
1170 2997
1171 2098
1172 2999
1173 659
1174 1250
1175 1771
1176 1757
1177 623
1178 1431
1179 2440
1180 1699
1181 2920
1182 1217
1183 1524
1184 2953
1185 560
1186 963
1187 2825
1188 2522
1189 1211
1190 2059
1191 74
1192 446
1193 1700
1194 754
1195 684
1196 5
1197 449
1198 624
1199 1407
1200 157
1201 118
1202 704
1203 2774
1204 218
1205 633
1206 61
1207 955
1208 2081
1209 1867
1210 2106
1211 1917
1212 2576
1213 1808
1214 805
1215 2256
1216 1581
1217 1866
1218 1427
1219 1215
1220 988
1221 1302
1222 900
1223 1875
1224 1093
1225 1973
1226 1042
1227 1757
1228 308
1229 966
1230 101
1231 319
1232 1907
1233 2950
1234 2354
1235 2420
1236 1069
1237 2458
1238 2896
1239 1915
1240 742
1241 2099
1242 303
1243 777
1244 2131
1245 1088
1246 1968
1247 791
1248 2204
1249 2370
1250 1648
1251 1748
1252 1931
1253 2081
1254 1788
1255 2586
1256 416
1257 667
1258 1194
1259 2006
1260 2933
1261 942
1262 993
1263 2789
1264 615
1265 2780
1266 1420
1267 993
1268 2267
1269 1051
1270 1299
1271 2119
1272 642
1273 906
1274 1740
1275 1367
1276 859
1277 2086
1278 1795
1279 2312
1280 1831
1281 633
1282 48
1283 990
1284 742
1285 460
1286 1144
1287 1587
1288 1907
1289 445
1290 1253
1291 1123
1292 2762
1293 2604
1294 356
1295 898
1296 1101
1297 361
1298 371
1299 2472
1300 336
1301 2800
1302 1912
1303 2583
1304 2956
1305 1700
1306 1858
1307 1434
1308 417
1309 1454
1310 970
1311 797
1312 926
1313 473
1314 2333
1315 386
1316 218
1317 493
1318 2609
1319 1352
1320 257
1321 120
1322 1741
1323 2587
1324 24
1325 713
1326 822
1327 967
1328 1662
1329 50
1330 2558
1331 2713
1332 1201
1333 2981
1334 2261
1335 1331
1336 1593
1337 338
1338 1346
1339 27
1340 2343
1341 358
1342 1754
1343 1892
1344 1729
1345 1917
1346 892
1347 1825
1348 701
1349 2148
1350 2866
1351 2238
1352 3
1353 164
1354 353
1355 1035
1356 234
1357 1307
1358 2545
1359 340
1360 2229
1361 2398
1362 2696
1363 1470
1364 7
1365 1329
1366 279
1367 1054
1368 1390
1369 2269
1370 2714
1371 2568
1372 1429
1373 934
1374 152
1375 1567
1376 154
1377 2267
1378 975
1379 1194
1380 102
1381 1373
1382 1537
1383 2149
1384 433
1385 2063
1386 567
1387 1542
1388 2355
1389 2942
1390 2575
1391 1577
1392 477
1393 2720
1394 1579
1395 865
1396 2228
1397 2849
1398 1109
1399 1180
1400 259
1401 2897
1402 905
1403 1321
1404 677
1405 1240
1406 2373
1407 359
1408 2926
1409 1975
1410 1388
1411 1847
1412 2627
1413 2453
1414 1603
1415 1008
1416 54
1417 2507
1418 2641
1419 825
1420 928
1421 1429
1422 2109
1423 10
1424 2467
1425 749
1426 1034
1427 1365
1428 2619
1429 2478
1430 1
1431 2350
1432 2605
1433 2774
1434 502
1435 2655
1436 2314
1437 725
1438 1537
1439 1844
1440 1774
1441 1803
1442 1447
1443 1421
1444 2262
1445 90
1446 310
1447 736
1448 2083
1449 678
1450 123
1451 2767
1452 2620
1453 623
1454 557
1455 1434
1456 921
1457 1862
1458 1786
1459 2045
1460 2693
1461 1869
1462 498
1463 1866
1464 1379
1465 2877
1466 2035
1467 967
1468 459
1469 2705
1470 1611
1471 1761
1472 2933
1473 2567
1474 2817
1475 1097
1476 2650
1477 955
1478 1226
1479 2867
1480 1402
1481 158
1482 2282
1483 1878
1484 2300
1485 1077
1486 840
1487 833
1488 456
1489 2993
1490 1081
1491 1974
1492 1549
1493 1922
1494 769
1495 71
1496 632
1497 384
1498 1462
1499 1974
1500 1396
1501 2445
1502 2254
1503 517
1504 1537
1505 781
1506 539
1507 2363
1508 658
1509 1574
1510 2144
1511 978
1512 1191
1513 2422
1514 646
1515 574
1516 1660
1517 978
1518 118
1519 2176
1520 1408
1521 288
1522 2336
1523 2091
1524 2734
1525 1614
1526 155
1527 187
1528 1048
1529 1030
1530 1816
1531 1310
1532 396
1533 2218
1534 2110
1535 2094
1536 2922
1537 487
1538 1407
1539 1339
1540 2916
1541 1844
1542 161
1543 1788
1544 1647
1545 1345
1546 1663
1547 2329
1548 521
1549 1355
1550 845
1551 283
1552 1648
1553 2687
1554 1538
1555 1771
1556 1874
1557 1778
1558 1470
1559 1809
1560 1140
1561 1076
1562 458
1563 442
1564 1423
1565 1142
1566 2417
1567 1841
1568 1822
1569 2531
1570 796
1571 1424
1572 1501
1573 376
1574 2669
1575 834
1576 1365
1577 486
1578 2840
1579 1448
1580 445
1581 2739
1582 1322
1583 2508
1584 2390
1585 1415
1586 2488
1587 775
1588 1393
1589 2576
1590 2288
1591 2248
1592 1144
1593 2872
1594 165
1595 457
1596 1113
1597 1231
1598 2787
1599 1472
1600 629
1601 2388
1602 2275
1603 1708
1604 2386
1605 2846
1606 2705
1607 1698
1608 901
1609 55
1610 2012
1611 935
1612 1803
1613 2657
1614 57
1615 1774
1616 1582
1617 1263
1618 1191
1619 183
1620 1756
1621 883
1622 2612
1623 2593
1624 2255
1625 1790
1626 781
1627 2849
1628 367
1629 2916
1630 1744
1631 1518
1632 56
1633 2415
1634 1167
1635 2036
1636 1508
1637 348
1638 2231
1639 1827
1640 1101
1641 1483
1642 37
1643 1191
1644 1268
1645 2996
1646 577
1647 1767
1648 1201
1649 126
1650 501
1651 2075
1652 2578
1653 2014
1654 1260
1655 338
1656 2092
1657 230
1658 854
1659 1593
1660 273
1661 833
1662 1744
1663 2943
1664 200
1665 896
1666 1897
1667 808
1668 107
1669 47
1670 1335
1671 1730
1672 1244
1673 2201
1674 1041
1675 822
1676 1644
1677 24
1678 2157
1679 2341
1680 2897
1681 1720
1682 757
1683 1180
1684 2209
1685 775
1686 2027
1687 676
1688 2308
1689 168
1690 2749
1691 679
1692 61
1693 877
1694 475
1695 523
1696 2487
1697 1854
1698 331
1699 2742
1700 2833
1701 2719
1702 583
1703 1921
1704 2700
1705 1649
1706 2128
1707 498
1708 826
1709 2478
1710 881
1711 2788
1712 1614
1713 2101
1714 2922
1715 1517
1716 2342
1717 2256
1718 2958
1719 562
1720 1505
1721 643
1722 2820
1723 580
1724 2016
1725 405
1726 2603
1727 2690
1728 2993
1729 2948
1730 36
1731 290
1732 1823
1733 872
1734 2599
1735 868
1736 389
1737 2826
1738 530
1739 1126
1740 2367
1741 1950
1742 820
1743 575
1744 605
1745 2191
1746 808
1747 839
1748 2503
1749 1285
1750 2201
1751 526
1752 2517
1753 1810
1754 898
1755 2563
1756 496
1757 1622
1758 2270
1759 449
1760 303
1761 2609
1762 2387
1763 2927
1764 402
1765 199
1766 1689
1767 1565
1768 2346
1769 2695
1770 2866
1771 177
1772 642
1773 2623
1774 1299
1775 2158
1776 2851
1777 772
1778 2783
1779 2167
1780 1638
1781 1165
1782 1172
1783 2902
1784 1789
1785 1832
1786 2832
1787 1746
1788 2079
1789 1668
1790 2552
1791 853
1792 1130
1793 934
1794 2068
1795 2107
1796 651
1797 791
1798 2852
1799 1352
1800 1140
1801 2140
1802 362
1803 2368
1804 2898
1805 2698
1806 2496
1807 733
1808 1803
1809 1799
1810 1197
1811 1587
1812 2563
1813 1069
1814 1003
1815 1210
1816 2308
1817 466
1818 2940
1819 1535
1820 1623
1821 2692
1822 2091
1823 2165
1824 2061
1825 217
1826 2103
1827 2517
1828 2605
1829 1953
1830 632
1831 1901
1832 2513
1833 2465
1834 1304
1835 2057
1836 658
1837 1460
1838 1214
1839 811
1840 1135
1841 832
1842 1364
1843 44
1844 2628
1845 1960
1846 1412
1847 781
1848 1217
1849 2540
1850 2794
1851 764
1852 518
1853 1838
1854 264
1855 2627
1856 1790
1857 225
1858 2967
1859 492
1860 1285
1861 1364
1862 2295
1863 607
1864 2371
1865 1682
1866 1955
1867 217
1868 1566
1869 1908
1870 2171
1871 1397
1872 2349
1873 620
1874 2017
1875 1633
1876 1411
1877 2891
1878 2586
1879 2049
1880 1743
1881 2861
1882 837
1883 889
1884 1047
1885 1068
1886 612
1887 2385
1888 1772
1889 1143
1890 2167
1891 1108
1892 1152
1893 1916
1894 2738
1895 2507
1896 822
1897 1698
1898 2675
1899 2066
1900 2612
1901 970
1902 358
1903 1397
1904 181
1905 954
1906 1095
1907 2105
1908 1446
1909 1283
1910 2120
1911 455
1912 2611
1913 468
1914 2821
1915 1576
1916 15
1917 865
1918 736
1919 1318
1920 1256
1921 13
1922 400
1923 2600
1924 1852
1925 2729
1926 313
1927 2282
1928 2252
1929 2012
1930 2681
1931 907
1932 2766
1933 2131
1934 2304
1935 2333
1936 60
1937 1253
1938 328
1939 2260
1940 2149
1941 2183
1942 1219
1943 1704
1944 2748
1945 457
1946 2203
1947 2639
1948 1845
1949 1237
1950 718
1951 2266
1952 2102
1953 2918
1954 2979
1955 91
1956 880
1957 1608
1958 1021
1959 2872
1960 2727
1961 2778
1962 1603
1963 2226
1964 793
1965 1518
1966 2779
1967 2368
1968 1948
1969 1679
1970 631
1971 1247
1972 2539
1973 2474
1974 393
1975 1548
1976 2626
1977 650
1978 2704
1979 351
1980 384
1981 1588
1982 37
1983 336
1984 745
1985 236
1986 829
1987 726
1988 456
1989 1208
1990 105
1991 1027
1992 2576
1993 649
1994 429
1995 2255
1996 2456
1997 347
1998 210
1999 2735
2000 1948
2001 619
2002 1700
2003 2225
2004 1981
2005 2606
2006 1941
2007 316
2008 1588
2009 984
2010 989
2011 449
2012 195
2013 2109
2014 2753
2015 1142
2016 109
2017 865
2018 1525
2019 2481
2020 2640
2021 604
2022 2672
2023 1291
2024 2674
2025 699
2026 144
2027 1314
2028 174
2029 764
2030 218
2031 140
2032 923
2033 2785
2034 1756
2035 2
2036 1044
2037 807
2038 799
2039 2224
2040 1867
2041 972
2042 2947
2043 2979
2044 2269
2045 2852
2046 1672
2047 2271
2048 2187
2049 396
2050 2909
2051 688
2052 184
2053 616
2054 148
2055 2513
2056 1001
2057 1388
2058 398
2059 1389
End Data Section
Begin Instruction Section
0 CPY 24 25		# index of next number
1 ADDI 21 24	# mem[24] is end of array now
2 CPY 22 26		# key
3 CPYI 25 27	# next number is in mem[27] now
4 SUBI 26 27	# mem[27] = mem[26] - mem[27]
5 JIF 27 7		# if mem[27] <= 0, check from other side
6 SET 13 0		# otherwise, skip to next number
7 CPYI 25 27
8 SUBI 27 26	# mem[26] = mem[27] - mem[26]
9 JIF 26 11		# if mem[25] <= 0, we found the number
10 SET 13 0
11 CPY 25 23	# write the index of found number
12 HLT			# number found. halt program.
13 ADD 1 25
14 CPY 24 26
15 ADD -1 26
16 SUBI 25 26	# mem[26] = mem[25] - mem[26]
17 JIF 26 2		# if mem[25] <= 0, then we have numbers to search
18 SET -1 23	# number not found. 
19 HLT 
End Instruction Section
