88

18 260 0
107 150 10
108 160 10
109 170 10
118 260 10
133 410 10
218 260 20
234 420 20
332 400 30
333 410 30
334 420 30
607 150 60
608 160 60
609 170 60
706 140 70
707 150 70
708 160 70
1206 140 120
1207 150 120
1306 140 130
1409 170 140
1508 160 150
1509 170 150
2206 140 220
2212 200 220
2306 140 230
2312 200 230
2406 140 240
2407 150 240
2411 190 240
2412 200 240
2602 100 260
2603 110 260
2604 120 260
2607 150 260
2608 160 260
2610 180 260
2611 190 260
2614 220 260
2615 230 260
2616 240 260
2704 120 270
2706 140 270
2708 160 270
2710 180 270
2712 200 270
2714 220 270
2806 140 280
2807 150 280
2811 190 280
2812 200 280
3006 140 300
3007 150 300
3011 190 300
3012 200 300
3104 120 310
3106 140 310
3108 160 310
3110 180 310
3112 200 310
3114 220 310
3202 100 320
3203 110 320
3204 120 320
3207 150 320
3208 160 320
3210 180 320
3211 190 320
3214 220 320
3215 230 320
3216 240 320
3406 140 340
3407 150 340
3411 190 340
3412 200 340
3506 140 350
3512 200 350
3606 140 360
3612 200 360
5032 400 500
5035 430 500
5136 440 510
5232 400 520
5236 440 520
5333 410 530
5334 420 530
5335 430 530
5336 440 530
